   6.248    1.475
   6.296    1.475
   6.343    1.474
   6.391    1.536
   6.439    1.543
   6.486    1.524
   6.534    1.516
   6.582    1.510
   6.630    1.502
   6.677    1.487
   6.725    1.430
   6.773    1.428
   6.820    1.418
   6.868    1.423
   6.916    1.425
   6.963    1.436
   7.011    1.438
   7.059    1.446
   7.107    1.443
   7.154    1.444
   7.202    1.455
   7.250    1.455
   7.297    1.457
   7.345    1.457
   7.393    1.459
   7.440    1.457
   7.488    1.459
   7.536    1.454
   7.583    1.447
   7.631    1.447
   7.679    1.435
   7.727    1.435
   7.774    1.436
   7.822    1.429
   7.870    1.427
   7.917    1.425
   7.965    1.427
   8.013    1.424
   8.060    1.424
   8.108    1.428
   8.156    1.415
   8.203    1.445
   8.251    1.449
   8.299    1.446
   8.347    1.447
   8.394    1.450
   8.442    1.468
   8.490    1.467
   8.537    1.389
   8.585    1.390
   8.633    1.379
   8.680    1.380
   8.728    1.378
   8.776    1.379
   8.824    1.381
   8.871    1.380
   8.919    1.376
   8.967    1.371
   9.014    1.372
   9.062    1.380
   9.110    1.376
   9.157    1.385
   9.205    1.390
   9.253    1.385
   9.300    1.370
   9.348    1.358
   9.396    1.365
   9.444    1.371
   9.491    1.366
   9.539    1.362
   9.587    1.339
   9.634    1.340
   9.682    1.341
   9.730    1.337
   9.777    1.340
   9.825    1.337
   9.873    1.348
   9.921    1.347
   9.968    1.378
  10.016    1.389
  10.064    1.389
  10.111    1.387
  10.159    1.383
  10.207    1.436
  10.254    1.422
  10.302    1.412
  10.350    1.412
  10.397    1.413
  10.445    1.406
  10.493    1.406
  10.541    1.374
  10.588    1.355
  10.636    1.367
  10.684    1.360
  10.731    1.315
  10.779    1.313
  10.827    1.393
  10.874    1.383
  10.922    1.384
  10.970    1.385
  11.017    1.383
  11.065    1.396
  11.113    1.399
  11.161    1.402
  11.208    1.402
  11.256    1.402
  11.304    1.386
  11.351    1.381
  11.399    1.375
  11.447    1.357
  11.494    1.344
  11.542    1.317
  11.590    1.336
  11.638    1.351
  11.685    1.354
  11.733    1.356
  11.781    1.341
  11.828    1.349
  11.876    1.353
  11.924    1.337
  11.971    1.288
  12.019    1.285
  12.067    1.272
  12.114    1.265
  12.162    1.375
  12.210    1.370
  12.258    1.390
  12.305    1.369
  12.353    1.368
  12.401    1.370
  12.448    1.391
  12.496    1.379
  12.544    1.371
  12.591    1.287
  12.639    1.278
  12.687    1.290
  12.734    1.306
  12.782    1.315
  12.830    1.313
  12.878    1.344
  12.925    1.369
  12.973    1.374
  13.021    1.365
  13.068    1.367
  13.116    1.365
  13.164    1.368
  13.211    1.370
  13.259    1.356
  13.307    1.357
  13.355    1.355
  13.402    1.346
  13.450    1.346
  13.498    1.349
  13.545    1.350
  13.593    1.349
  13.641    1.352
  13.688    1.352
  13.736    1.352
  13.784    1.385
  13.831    1.386
  13.879    1.396
  13.927    1.394
  13.975    1.382
  14.022    1.393
  14.070    1.395
  14.118    1.386
  14.165    1.386
  14.213    1.387
  14.261    1.386
  14.308    1.393
  14.356    1.397
  14.404    1.357
  14.452    1.352
  14.499    1.337
  14.547    1.335
  14.595    1.332
  14.642    1.295
  14.690    1.287
  14.738    1.287
  14.785    1.280
  14.833    1.271
  14.881    1.273
  14.928    1.298
  14.976    1.306
  15.024    1.293
  15.072    1.298
  15.119    1.299
  15.167    1.292
  15.215    1.287
  15.262    1.288
  15.310    1.268
  15.358    1.242
  15.405    1.274
  15.453    1.270
  15.501    1.280
  15.548    1.291
  15.596    1.296
  15.644    1.293
  15.692    1.286
  15.739    1.289
  15.787    1.278
  15.835    1.276
  15.882    1.298
  15.930    1.285
  15.978    1.253
  16.025    1.261
  16.073    1.272
  16.121    1.275
  16.169    1.279
  16.216    1.255
  16.264    1.257
  16.312    1.257
  16.359    1.260
  16.407    1.168
  16.455    1.210
  16.502    1.210
  16.550    1.212
  16.598    1.182
  16.645    1.178
  16.693    1.178
  16.741    1.189
  16.789    1.169
  16.836    1.176
  16.884    1.181
  16.932    1.186
  16.979    1.186
  17.027    1.194
  17.075    1.201
  17.122    1.196
  17.170    1.196
  17.218    1.201
  17.266    1.195
  17.313    1.194
  17.361    1.203
  17.409    1.198
  17.456    1.194
  17.504    1.182
  17.552    1.152
  17.599    1.154
  17.647    1.165
  17.695    1.176
  17.742    1.179
  17.790    1.184
  17.838    1.174
  17.886    1.165
  17.933    1.165
  17.981    1.168
  18.029    1.181
  18.076    1.192
  18.124    1.194
  18.172    1.246
  18.219    1.225
  18.267    1.214
  18.315    1.216
  18.362    1.215
  18.410    1.217
  18.458    1.221
  18.506    1.219
  18.553    1.220
  18.601    1.218
  18.649    1.215
  18.696    1.225
  18.744    1.226
  18.792    1.229
  18.839    1.230
  18.887    1.230
  18.935    1.221
  18.983    1.218
  19.030    1.216
  19.078    1.222
  19.126    1.222
  19.173    1.208
  19.221    1.226
  19.269    1.211
  19.316    1.212
  19.364    1.207
  19.412    1.204
  19.459    1.202
  19.507    1.217
  19.555    1.218
  19.603    1.219
  19.650    1.219
  19.698    1.215
  19.746    1.214
  19.793    1.223
  19.841    1.218
  19.889    1.212
  19.936    1.220
  19.984    1.187
  20.032    1.192
  20.079    1.194
  20.127    1.195
  20.175    1.191
  20.223    1.196
  20.270    1.189
  20.318    1.205
  20.366    1.205
  20.413    1.208
  20.461    1.205
  20.509    1.182
  20.556    1.181
  20.604    1.169
  20.652    1.181
  20.700    1.197
  20.747    1.178
  20.795    1.178
  20.843    1.170
  20.890    1.181
  20.938    1.174
  20.986    1.181
  21.033    1.179
  21.081    1.182
  21.129    1.164
  21.176    1.166
  21.224    1.174
  21.272    1.195
  21.320    1.190
  21.367    1.194
  21.415    1.194
  21.463    1.221
  21.510    1.237
  21.558    1.243
  21.606    1.207
  21.653    1.196
  21.701    1.201
  21.749    1.198
  21.797    1.191
  21.844    1.191
  21.892    1.185
  21.940    1.183
  21.987    1.200
  22.035    1.207
  22.083    1.187
  22.130    1.200
  22.178    1.236
  22.226    1.218
  22.273    1.263
  22.321    1.258
  22.369    1.253
  22.417    1.249
  22.464    1.248
  22.512    1.252
  22.560    1.233
  22.607    1.233
  22.655    1.210
  22.703    1.223
  22.750    1.218
  22.798    1.244
  22.846    1.243
  22.893    1.245
  22.941    1.236
  22.989    1.247
  23.037    1.239
  23.084    1.236
  23.132    1.256
  23.180    1.238
  23.227    1.237
  23.275    1.235
  23.323    1.233
  23.370    1.227
  23.418    1.222
  23.466    1.224
  23.514    1.228
  23.561    1.235
  23.609    1.230
  23.657    1.238
  23.704    1.257
  23.752    1.309
  23.800    1.310
  23.847    1.300
  23.895    1.280
  23.943    1.292
  23.990    1.274
  24.038    1.272
  24.086    1.281
  24.134    1.258
  24.181    1.258
  24.229    1.237
  24.277    1.226
  24.324    1.229
  24.372    1.202
  24.420    1.257
  24.467    1.263
  24.515    1.272
  24.563    1.276
  24.610    1.274
  24.658    1.274
  24.706    1.268
  24.754    1.260
  24.801    1.266
  24.849    1.252
  24.897    1.244
  24.944    1.249
  24.992    1.213
  25.040    1.217
  25.087    1.214
  25.135    1.231
  25.183    1.204
  25.231    1.202
  25.278    1.197
  25.326    1.197
  25.374    1.207
  25.421    1.204
  25.469    1.203
  25.517    1.216
  25.564    1.217
  25.612    1.220
  25.660    1.222
  25.707    1.206
  25.755    1.206
  25.803    1.198
  25.851    1.196
  25.898    1.200
  25.946    1.198
  25.994    1.187
  26.041    1.192
  26.089    1.192
  26.137    1.193
  26.184    1.197
  26.232    1.190
  26.280    1.180
  26.328    1.183
  26.375    1.196
  26.423    1.189
  26.471    1.183
  26.518    1.197
  26.566    1.194
  26.614    1.175
  26.661    1.173
  26.709    1.199
  26.757    1.195
  26.804    1.204
  26.852    1.191
  26.900    1.174
  26.948    1.184
  26.995    1.183
  27.043    1.189
  27.091    1.187
  27.138    1.188
  27.186    1.179
  27.234    1.209
  27.281    1.238
  27.329    1.212
  27.377    1.195
  27.424    1.189
  27.472    1.159
  27.520    1.162
  27.568    1.168
  27.615    1.166
  27.663    1.131
  27.711    1.134
  27.758    1.137
  27.806    1.141
  27.854    1.155
  27.901    1.147
  27.949    1.152
  27.997    1.143
  28.045    1.152
  28.092    1.163
  28.140    1.164
  28.188    1.153
  28.235    1.147
  28.283    1.154
  28.331    1.154
  28.378    1.163
  28.426    1.172
  28.474    1.112
  28.521    1.106
  28.569    1.104
  28.617    1.114
  28.665    1.111
  28.712    1.113
  28.760    1.123
  28.808    1.126
  28.855    1.126
  28.903    1.111
  28.951    1.112
  28.998    1.113
  29.046    1.123
  29.094    1.123
  29.141    1.123
  29.189    1.123
  29.237    1.127
  29.285    1.124
  29.332    1.109
  29.380    1.124
  29.428    1.125
  29.475    1.125
  29.523    1.126
  29.571    1.132
  29.618    1.132
  29.666    1.141
  29.714    1.134
  29.762    1.109
  29.809    1.109
  29.857    1.107
  29.905    1.094
  29.952    1.094
  30.000    1.094
  30.048    1.096
  30.095    1.106
  30.143    1.103
  30.191    1.113
  30.238    1.114
  30.286    1.121
  30.334    1.128
  30.382    1.131
  30.429    1.133
  30.477    1.127
  30.525    1.127
  30.572    1.150
  30.620    1.129
  30.668    1.128
  30.715    1.119
  30.763    1.120
  30.811    1.124
  30.859    1.109
  30.906    1.101
  30.954    1.114
  31.002    1.103
  31.049    1.116
  31.097    1.124
  31.145    1.119
  31.192    1.136
  31.240    1.129
  31.288    1.131
  31.335    1.107
  31.383    1.141
  31.431    1.141
  31.479    1.140
  31.526    1.141
  31.574    1.137
  31.622    1.148
  31.669    1.146
  31.717    1.136
  31.765    1.139
  31.812    1.140
  31.860    1.142
  31.908    1.138
  31.955    1.138
  32.003    1.144
  32.051    1.144
  32.099    1.138
  32.146    1.131
  32.194    1.141
  32.242    1.136
  32.289    1.137
  32.337    1.121
  32.385    1.108
  32.432    1.095
  32.480    1.108
  32.528    1.116
  32.576    1.109
  32.623    1.098
  32.671    1.104
  32.719    1.075
  32.766    1.101
  32.814    1.118
  32.862    1.126
  32.909    1.111
  32.957    1.092
  33.005    1.095
  33.052    1.121
  33.100    1.134
  33.148    1.131
  33.196    1.130
  33.243    1.124
  33.291    1.115
  33.339    1.084
  33.386    1.092
  33.434    1.109
  33.482    1.060
  33.529    1.100
  33.577    1.109
  33.625    1.120
  33.672    1.120
  33.720    1.119
  33.768    1.116
  33.816    1.119
  33.863    1.126
  33.911    1.128
  33.959    1.126
  34.006    1.132
  34.054    1.134
  34.102    1.138
  34.149    1.145
  34.197    1.152
  34.245    1.143
  34.293    1.139
  34.340    1.139
  34.388    1.143
  34.436    1.141
  34.483    1.141
  34.531    1.142
  34.579    1.131
  34.626    1.135
  34.674    1.128
  34.722    1.134
  34.769    1.139
  34.817    1.139
  34.865    1.141
  34.913    1.137
  34.960    1.132
  35.008    1.145
  35.056    1.149
  35.103    1.150
  35.151    1.156
  35.199    1.146
  35.246    1.135
  35.294    1.161
  35.342    1.162
  35.390    1.160
  35.437    1.164
  35.485    1.172
  35.533    1.171
  35.580    1.173
  35.628    1.172
  35.676    1.172
  35.723    1.176
  35.771    1.175
  35.819    1.174
  35.866    1.170
  35.914    1.166
  35.962    1.162
  36.010    1.162
  36.057    1.185
  36.105    1.211
  36.153    1.193
  36.200    1.199
  36.248    1.205
  36.296    1.198
  36.343    1.197
  36.391    1.215
  36.439    1.238
  36.486    1.237
  36.534    1.244
  36.582    1.242
  36.630    1.262
  36.677    1.276
  36.725    1.277
  36.773    1.265
  36.820    1.278
  36.868    1.283
  36.916    1.294
  36.963    1.298
  37.011    1.302
  37.059    1.303
  37.107    1.306
  37.154    1.292
  37.202    1.295
  37.250    1.294
  37.297    1.294
  37.345    1.304
  37.393    1.311
  37.440    1.313
  37.488    1.314
  37.536    1.316
  37.583    1.318
  37.631    1.318
  37.679    1.327
  37.727    1.327
  37.774    1.326
  37.822    1.323
  37.870    1.323
  37.917    1.314
  37.965    1.309
  38.013    1.309
  38.060    1.307
  38.108    1.309
  38.156    1.314
  38.203    1.313
  38.251    1.316
  38.299    1.316
  38.347    1.312
  38.394    1.308
  38.442    1.292
  38.490    1.293
  38.537    1.298
  38.585    1.299
  38.633    1.308
  38.680    1.300
  38.728    1.295
  38.776    1.294
  38.824    1.309
  38.871    1.309
  38.919    1.310
  38.967    1.307
  39.014    1.305
  39.062    1.303
  39.110    1.303
  39.157    1.317
  39.205    1.315
  39.253    1.298
  39.300    1.300
  39.348    1.313
  39.396    1.321
  39.444    1.334
  39.491    1.336
  39.539    1.368
  39.587    1.371
  39.634    1.340
  39.682    1.338
  39.730    1.333
  39.777    1.339
  39.825    1.338
  39.873    1.329
  39.921    1.326
  39.968    1.329
  40.016    1.313
  40.064    1.312
  40.111    1.314
  40.159    1.314
  40.207    1.306
  40.254    1.305
  40.302    1.303
  40.350    1.290
  40.397    1.291
  40.445    1.292
  40.493    1.290
  40.541    1.292
  40.588    1.291
  40.636    1.291
  40.684    1.288
  40.731    1.288
  40.779    1.291
  40.827    1.290
  40.874    1.293
  40.922    1.293
  40.970    1.294
  41.017    1.287
  41.065    1.285
  41.113    1.284
  41.161    1.289
  41.208    1.283
  41.256    1.282
  41.304    1.278
  41.351    1.273
  41.399    1.279
  41.447    1.278
  41.494    1.259
  41.542    1.260
  41.590    1.269
  41.638    1.265
  41.685    1.264
  41.733    1.273
  41.781    1.279
  41.828    1.274
  41.876    1.278
  41.924    1.273
  41.971    1.273
  42.019    1.274
  42.067    1.260
  42.114    1.265
  42.162    1.272
  42.210    1.270
  42.258    1.254
  42.305    1.241
  42.353    1.261
  42.401    1.256
  42.448    1.247
  42.496    1.249
  42.544    1.248
  42.591    1.220
  42.639    1.192
  42.687    1.186
  42.734    1.193
  42.782    1.169
  42.830    1.146
  42.878    1.138
  42.925    1.141
  42.973    1.150
  43.021    1.128
  43.068    1.119
  43.116    1.099
  43.164    1.087
  43.211    1.067
  43.259    1.065
  43.307    1.070
  43.355    1.081
  43.402    1.084
  43.450    1.083
  43.498    1.081
  43.545    1.064
  43.593    1.073
  43.641    1.077
  43.688    1.122
  43.736    1.108
  43.784    1.131
  43.831    1.126
  43.879    1.120
  43.927    1.114
  43.975    1.135
  44.022    1.131
  44.070    1.131
  44.118    1.135
  44.165    1.135
  44.213    1.135
  44.261    1.134
  44.308    1.130
  44.356    1.122
  44.404    1.128
  44.452    1.122
  44.499    1.127
  44.547    1.139
  44.595    1.140
  44.642    1.146
  44.690    1.145
  44.738    1.147
  44.785    1.145
  44.833    1.134
  44.881    1.136
  44.928    1.132
  44.976    1.133
  45.024    1.098
  45.072    1.100
  45.119    1.097
  45.167    1.091
  45.215    1.089
  45.262    1.090
  45.310    1.090
  45.358    1.087
  45.405    1.094
  45.453    1.114
  45.501    1.113
  45.548    1.109
  45.596    1.108
  45.644    1.106
  45.692    1.108
  45.739    1.106
  45.787    1.104
  45.835    1.105
  45.882    1.119
  45.930    1.119
  45.978    1.121
  46.025    1.131
  46.073    1.135
  46.121    1.139
  46.169    1.136
  46.216    1.142
  46.264    1.144
  46.312    1.143
  46.359    1.144
  46.407    1.149
  46.455    1.145
  46.502    1.143
  46.550    1.146
  46.598    1.148
  46.645    1.146
  46.693    1.145
  46.741    1.146
  46.789    1.145
  46.836    1.145
  46.884    1.146
  46.932    1.146
  46.979    1.147
  47.027    1.148
  47.075    1.145
  47.122    1.156
  47.170    1.157
  47.218    1.163
  47.266    1.163
  47.313    1.163
  47.361    1.164
  47.409    1.162
  47.456    1.172
  47.504    1.178
  47.552    1.180
  47.599    1.188
  47.647    1.192
  47.695    1.189
  47.742    1.189
  47.790    1.187
  47.838    1.187
  47.886    1.185
  47.933    1.184
  47.981    1.182
  48.029    1.198
  48.076    1.197
  48.124    1.198
  48.172    1.214
  48.219    1.220
  48.267    1.225
  48.315    1.222
  48.362    1.217
  48.410    1.212
  48.458    1.204
  48.506    1.202
  48.553    1.209
  48.601    1.208
  48.649    1.215
  48.696    1.218
  48.744    1.225
  48.792    1.220
  48.839    1.220
  48.887    1.232
  48.935    1.230
  48.983    1.247
  49.030    1.245
  49.078    1.246
  49.126    1.235
  49.173    1.238
  49.221    1.238
  49.269    1.238
  49.316    1.256
  49.364    1.311
  49.412    1.308
  49.459    1.299
  49.507    1.302
  49.555    1.302
  49.603    1.298
  49.650    1.314
  49.698    1.313
  49.746    1.314
  49.793    1.316
  49.841    1.331
  49.889    1.354
  49.936    1.364
  49.984    1.371
  50.032    1.382
  50.079    1.382
  50.127    1.390
  50.175    1.389
  50.223    1.397
  50.270    1.387
  50.318    1.389
  50.366    1.402
  50.413    1.401
  50.461    1.395
  50.509    1.404
  50.556    1.405
  50.604    1.404
  50.652    1.404
  50.700    1.401
  50.747    1.396
  50.795    1.384
  50.843    1.393
  50.890    1.393
  50.938    1.394
  50.986    1.396
  51.033    1.417
  51.081    1.412
  51.129    1.430
  51.176    1.430
  51.224    1.459
  51.272    1.471
  51.320    1.493
  51.367    1.499
  51.415    1.508
  51.463    1.507
  51.510    1.510
  51.558    1.515
  51.606    1.509
  51.653    1.499
  51.701    1.499
  51.749    1.499
  51.797    1.500
  51.844    1.497
  51.892    1.505
  51.940    1.508
  51.987    1.512
  52.035    1.515
  52.083    1.505
  52.130    1.506
  52.178    1.502
  52.226    1.495
  52.273    1.488
  52.321    1.489
  52.369    1.488
  52.417    1.484
  52.464    1.473
  52.512    1.473
  52.560    1.475
  52.607    1.472
  52.655    1.480
  52.703    1.485
  52.750    1.487
  52.798    1.493
  52.846    1.493
  52.893    1.495
  52.941    1.495
  52.989    1.495
  53.037    1.498
  53.084    1.499
  53.132    1.498
  53.180    1.499
  53.227    1.502
  53.275    1.512
  53.323    1.509
  53.370    1.510
  53.418    1.506
  53.466    1.509
  53.514    1.507
  53.561    1.513
  53.609    1.516
  53.657    1.505
  53.704    1.507
  53.752    1.555
  53.800    1.562
  53.847    1.566
  53.895    1.576
  53.943    1.573
  53.990    1.571
  54.038    1.580
  54.086    1.586
  54.134    1.587
  54.181    1.588
  54.229    1.574
  54.277    1.576
  54.324    1.582
  54.372    1.580
  54.420    1.575
  54.467    1.574
  54.515    1.580
  54.563    1.604
  54.610    1.621
  54.658    1.650
  54.706    1.650
  54.754    1.642
  54.801    1.648
  54.849    1.652
  54.897    1.656
  54.944    1.653
  54.992    1.667
  55.040    1.674
  55.087    1.681
  55.135    1.692
  55.183    1.694
  55.231    1.695
  55.278    1.693
  55.326    1.735
  55.374    1.741
  55.421    1.741
  55.469    1.734
  55.517    1.700
  55.564    1.574
  55.612    1.598
  55.660    1.641
  55.707    1.635
  55.755    1.627
  55.803    1.648
  55.851    1.608
  55.898    1.614
  55.946    1.615
  55.994    1.617
  56.041    1.607
  56.089    1.555
  56.137    1.550
  56.184    1.551
  56.232    1.552
  56.280    1.446
  56.328    1.408
  56.375    1.382
  56.423    1.382
  56.471    1.391
  56.518    1.395
  56.566    1.396
  56.614    1.406
  56.661    1.403
  56.709    1.387
  56.757    1.383
  56.804    1.395
  56.852    1.398
  56.900    1.396
  56.948    1.400
  56.995    1.426
  57.043    1.422
  57.091    1.414
  57.138    1.418
  57.186    1.416
  57.234    1.412
  57.281    1.424
  57.329    1.386
  57.377    1.384
  57.424    1.390
  57.472    1.382
  57.520    1.341
  57.568    1.340
  57.615    1.340
  57.663    1.342
  57.711    1.337
  57.758    1.334
  57.806    1.330
  57.854    1.328
  57.901    1.325
  57.949    1.323
  57.997    1.323
  58.045    1.323
  58.092    1.320
  58.140    1.320
  58.188    1.311
  58.235    1.311
  58.283    1.310
  58.331    1.357
  58.378    1.370
  58.426    1.376
  58.474    1.389
  58.521    1.376
  58.569    1.384
  58.617    1.393
  58.665    1.412
  58.712    1.404
  58.760    1.402
  58.808    1.408
  58.855    1.406
  58.903    1.409
  58.951    1.405
  58.998    1.397
  59.046    1.383
  59.094    1.383
  59.141    1.393
  59.189    1.394
  59.237    1.361
  59.285    1.362
  59.332    1.360
  59.380    1.362
  59.428    1.352
  59.475    1.338
  59.523    1.346
  59.571    1.344
  59.618    1.345
  59.666    1.349
  59.714    1.350
  59.762    1.354
  59.809    1.352
  59.857    1.351
  59.905    1.339
  59.952    1.196
  60.000    1.145
