0.048  1.302
0.095  1.303
0.143  1.303
0.191  1.303
0.238  1.305
0.286  1.305
0.334  1.305
0.382  1.308
0.429  1.304
0.477  1.317
0.525  1.318
0.572  1.318
0.620  1.318
0.668  1.318
0.715  1.313
0.763  1.312
0.811  1.312
0.859  1.312
0.906  1.312
0.954  1.310
1.002  1.310
1.049  1.310
1.097  1.310
1.145  1.309
1.192  1.310
1.240  1.309
1.288  1.307
1.335  1.312
1.383  1.313
1.431  1.316
1.479  1.317
1.526  1.319
1.574  1.319
1.622  1.321
1.669  1.323
1.717  1.322
1.765  1.324
1.812  1.324
1.860  1.321
1.908  1.334
1.955  1.330
2.003  1.331
2.051  1.341
2.099  1.346
2.146  1.345
2.194  1.349
2.242  1.349
2.289  1.443
2.337  1.442
2.385  1.454
2.432  1.454
2.480  1.456
2.528  1.451
2.576  1.451
2.623  1.451
2.671  1.454
2.719  1.458
2.766  1.459
2.814  1.449
2.862  1.451
2.909  1.452
2.957  1.444
3.005  1.449
3.052  1.460
3.100  1.460
3.148  1.449
3.196  1.441
3.243  1.455
3.291  1.453
3.339  1.485
3.386  1.485
3.434  1.463
3.482  1.468
3.529  1.462
3.577  1.460
3.625  1.441
3.672  1.443
3.720  1.398
3.768  1.404
3.816  1.399
3.863  1.401
3.911  1.410
3.959  1.414
4.006  1.406
4.054  1.423
4.102  1.423
4.149  1.425
4.197  1.434
4.245  1.433
4.293  1.482
4.340  1.510
4.388  1.490
4.436  1.501
4.483  1.551
4.531  1.553
4.579  1.415
4.626  1.419
4.674  1.420
4.722  1.418
4.769  1.422
4.817  1.400
4.865  1.399
4.913  1.396
4.960  1.405
5.008  1.405
5.056  1.426
5.103  1.430
5.151  1.430
5.199  1.448
5.246  1.461
5.294  1.482
5.342  1.455
5.390  1.446
5.437  1.440
5.485  1.437
5.533  1.449
5.580  1.440
5.628  1.420
5.676  1.423
5.723  1.413
5.771  1.416
5.819  1.439
5.866  1.446
5.914  1.308
5.962  1.312
6.010  1.295
6.057  1.319
6.105  1.322
6.153  1.321
6.200  1.298
6.248  1.298
6.296  1.305
6.343  1.398
6.391  1.406
6.439  1.391
6.486  1.381
6.534  1.373
6.582  1.377
6.630  1.338
6.677  1.309
6.725  1.309
6.773  1.300
6.820  1.315
6.868  1.317
6.916  1.316
6.963  1.314
7.011  1.329
7.059  1.332
7.107  1.333
7.154  1.343
7.202  1.343
7.250  1.343
7.297  1.342
7.345  1.342
7.393  1.342
7.440  1.341
7.488  1.331
7.536  1.329
7.583  1.329
7.631  1.315
7.679  1.315
7.727  1.323
7.774  1.311
7.822  1.310
7.870  1.311
7.917  1.311
7.965  1.312
8.013  1.312
8.060  1.312
8.108  1.311
8.156  1.370
8.203  1.377
8.251  1.383
8.299  1.393
8.347  1.395
8.394  1.437
8.442  1.436
8.490  1.439
8.537  1.438
8.585  1.438
8.633  1.438
8.680  1.438
8.728  1.433
8.776  1.436
8.824  1.436
8.871  1.430
8.919  1.429
8.967  1.433
9.014  1.433
9.062  1.428
9.110  1.447
9.157  1.447
9.205  1.445
9.253  1.429
9.300  1.406
9.348  1.406
9.396  1.411
9.444  1.422
9.491  1.414
9.539  1.419
9.587  1.420
9.634  1.395
9.682  1.395
9.730  1.389
9.777  1.380
9.825  1.377
9.873  1.379
9.921  1.379
9.968  1.408
10.016  1.401
10.064  1.398
10.111  1.404
10.159  1.504
10.207  1.467
10.254  1.468
10.302  1.468
10.350  1.474
10.397  1.469
10.445  1.468
10.493  1.465
10.541  1.456
10.588  1.457
10.636  1.456
10.684  1.432
10.731  1.433
10.779  1.429
10.827  1.415
10.874  1.418
10.922  1.418
10.970  1.418
11.017  1.419
11.065  1.423
11.113  1.424
11.161  1.437
11.208  1.437
11.256  1.435
11.304  1.435
11.351  1.423
11.399  1.417
11.447  1.415
11.494  1.398
11.542  1.394
11.590  1.411
11.638  1.408
11.685  1.407
11.733  1.400
11.781  1.401
11.828  1.387
11.876  1.365
11.924  1.282
11.971  1.281
12.019  1.291
12.067  1.288
12.114  1.285
12.162  1.283
12.210  1.290
12.258  1.290
12.305  1.291
12.353  1.293
12.401  1.293
12.448  1.276
12.496  1.274
12.544  1.270
12.591  1.268
12.639  1.268
12.687  1.279
12.734  1.282
12.782  1.286
12.830  1.282
12.878  1.281
12.925  1.290
12.973  1.263
13.021  1.284
13.068  1.284
13.116  1.286
13.164  1.287
13.211  1.287
13.259  1.290
13.307  1.288
13.355  1.290
13.402  1.291
13.450  1.295
13.498  1.297
13.545  1.296
13.593  1.301
13.641  1.304
13.688  1.292
13.736  1.340
13.784  1.341
13.831  1.339
13.879  1.337
13.927  1.327
13.975  1.329
14.022  1.333
14.070  1.319
14.118  1.320
14.165  1.321
14.213  1.320
14.261  1.331
14.308  1.337
14.356  1.340
14.404  1.342
14.452  1.326
14.499  1.335
14.547  1.334
14.595  1.334
14.642  1.321
14.690  1.323
14.738  1.312
14.785  1.298
14.833  1.301
14.881  1.339
14.928  1.346
14.976  1.332
15.024  1.340
15.072  1.338
15.119  1.325
15.167  1.322
15.215  1.324
15.262  1.284
15.310  1.265
15.358  1.312
15.405  1.305
15.453  1.307
15.501  1.303
15.548  1.311
15.596  1.311
15.644  1.311
15.692  1.311
15.739  1.299
15.787  1.298
15.835  1.314
15.882  1.293
15.930  1.243
15.978  1.247
16.025  1.261
16.073  1.267
16.121  1.275
16.169  1.268
16.216  1.268
16.264  1.265
16.312  1.276
16.359  1.272
16.407  1.300
16.455  1.300
16.502  1.304
16.550  1.265
16.598  1.266
16.645  1.265
16.693  1.278
16.741  1.262
16.789  1.273
16.836  1.274
16.884  1.262
16.932  1.264
16.979  1.267
17.027  1.264
17.075  1.259
17.122  1.259
17.170  1.266
17.218  1.258
17.266  1.257
17.313  1.271
17.361  1.277
17.409  1.269
17.456  1.250
17.504  1.201
17.552  1.195
17.599  1.206
17.647  1.225
17.695  1.219
17.742  1.224
17.790  1.225
17.838  1.213
17.886  1.213
17.933  1.213
17.981  1.232
18.029  1.239
18.076  1.232
18.124  1.232
18.172  1.204
18.219  1.201
18.267  1.200
18.315  1.195
18.362  1.196
18.410  1.209
18.458  1.207
18.506  1.209
18.553  1.208
18.601  1.205
18.649  1.202
18.696  1.200
18.744  1.202
18.792  1.201
18.839  1.201
18.887  1.200
18.935  1.199
18.983  1.200
19.030  1.205
19.078  1.204
19.126  1.193
19.173  1.194
19.221  1.196
19.269  1.196
19.316  1.192
19.364  1.189
19.412  1.186
19.459  1.212
19.507  1.213
19.555  1.216
19.603  1.217
19.650  1.215
19.698  1.219
19.746  1.232
19.793  1.230
19.841  1.230
19.889  1.230
19.936  1.236
19.984  1.244
20.032  1.245
20.079  1.245
20.127  1.230
20.175  1.240
20.223  1.232
20.270  1.244
20.318  1.246
20.366  1.250
20.413  1.244
20.461  1.219
20.509  1.223
20.556  1.208
20.604  1.229
20.652  1.240
20.700  1.221
20.747  1.220
20.795  1.209
20.843  1.214
20.890  1.205
20.938  1.205
20.986  1.188
21.033  1.197
21.081  1.209
21.129  1.219
21.176  1.218
21.224  1.256
21.272  1.246
21.320  1.244
21.367  1.243
21.415  1.285
21.463  1.279
21.510  1.270
21.558  1.270
21.606  1.247
21.653  1.257
21.701  1.251
21.749  1.251
21.797  1.250
21.844  1.243
21.892  1.239
21.940  1.252
21.987  1.261
22.035  1.250
22.083  1.249
22.130  1.247
22.178  1.224
22.226  1.305
22.273  1.306
22.321  1.305
22.369  1.292
22.417  1.291
22.464  1.294
22.512  1.277
22.560  1.272
22.607  1.269
22.655  1.287
22.703  1.284
22.750  1.283
22.798  1.283
22.846  1.284
22.893  1.285
22.941  1.285
22.989  1.283
23.037  1.281
23.084  1.300
23.132  1.273
23.180  1.276
23.227  1.270
23.275  1.261
23.323  1.253
23.370  1.253
23.418  1.248
23.466  1.254
23.514  1.279
23.561  1.279
23.609  1.281
23.657  1.284
23.704  1.282
23.752  1.274
23.800  1.274
23.847  1.274
23.895  1.278
23.943  1.264
23.990  1.263
24.038  1.258
24.086  1.229
24.134  1.228
24.181  1.228
24.229  1.224
24.277  1.218
24.324  1.185
24.372  1.216
24.420  1.218
24.467  1.228
24.515  1.226
24.563  1.224
24.610  1.243
24.658  1.236
24.706  1.229
24.754  1.235
24.801  1.215
24.849  1.202
24.897  1.207
24.944  1.168
24.992  1.173
25.040  1.170
25.087  1.191
25.135  1.156
25.183  1.156
25.231  1.155
25.278  1.155
25.326  1.157
25.374  1.154
25.421  1.155
25.469  1.173
25.517  1.171
25.564  1.170
25.612  1.170
25.660  1.174
25.707  1.174
25.755  1.167
25.803  1.167
25.851  1.170
25.898  1.172
25.946  1.172
25.994  1.176
26.041  1.177
26.089  1.177
26.137  1.189
26.184  1.189
26.232  1.176
26.280  1.180
26.328  1.185
26.375  1.185
26.423  1.170
26.471  1.201
26.518  1.198
26.566  1.176
26.614  1.168
26.661  1.182
26.709  1.181
26.757  1.177
26.804  1.181
26.852  1.167
26.900  1.162
26.948  1.161
26.995  1.160
27.043  1.162
27.091  1.156
27.138  1.143
27.186  1.176
27.234  1.224
27.281  1.197
27.329  1.182
27.377  1.174
27.424  1.173
27.472  1.167
27.520  1.175
27.568  1.172
27.615  1.172
27.663  1.171
27.711  1.166
27.758  1.171
27.806  1.168
27.854  1.168
27.901  1.168
27.949  1.157
27.997  1.168
28.045  1.177
28.092  1.174
28.140  1.172
28.188  1.173
28.235  1.173
28.283  1.172
28.331  1.181
28.378  1.175
28.426  1.179
28.474  1.171
28.521  1.167
28.569  1.170
28.617  1.165
28.665  1.171
28.712  1.169
28.760  1.167
28.808  1.165
28.855  1.164
28.903  1.164
28.951  1.163
28.998  1.178
29.046  1.179
29.094  1.181
29.141  1.180
29.189  1.186
29.237  1.178
29.285  1.175
29.332  1.175
29.380  1.179
29.428  1.173
29.475  1.170
29.523  1.171
29.571  1.171
29.618  1.180
29.666  1.175
29.714  1.176
29.762  1.176
29.809  1.175
29.857  1.160
29.905  1.158
29.952  1.150
30.000  1.153
30.048  1.168
30.095  1.167
30.143  1.171
30.191  1.172
30.238  1.176
30.286  1.156
30.334  1.159
30.382  1.162
30.429  1.147
30.477  1.145
30.525  1.147
30.572  1.149
30.620  1.149
30.668  1.146
30.715  1.146
30.763  1.151
30.811  1.151
30.859  1.141
30.906  1.154
30.954  1.144
31.002  1.142
31.049  1.142
31.097  1.141
31.145  1.126
31.192  1.124
31.240  1.123
31.288  1.121
31.335  1.121
31.383  1.121
31.431  1.119
31.479  1.119
31.526  1.118
31.574  1.127
31.622  1.126
31.669  1.137
31.717  1.139
31.765  1.139
31.812  1.141
31.860  1.142
31.908  1.141
31.955  1.141
32.003  1.140
32.051  1.137
32.099  1.134
32.146  1.146
32.194  1.145
32.242  1.147
32.289  1.128
32.337  1.128
32.385  1.112
32.432  1.113
32.480  1.129
32.528  1.129
32.576  1.116
32.623  1.105
32.671  1.111
32.719  1.136
32.766  1.129
32.814  1.130
32.862  1.129
32.909  1.105
32.957  1.105
33.005  1.140
33.052  1.140
33.100  1.132
33.148  1.129
33.196  1.123
33.243  1.115
33.291  1.075
33.339  1.074
33.386  1.128
33.434  1.128
33.482  1.143
33.529  1.138
33.577  1.140
33.625  1.140
33.672  1.133
33.720  1.137
33.768  1.137
33.816  1.145
33.863  1.146
33.911  1.140
33.959  1.150
34.006  1.150
34.054  1.154
34.102  1.163
34.149  1.161
34.197  1.161
34.245  1.163
34.293  1.162
34.340  1.164
34.388  1.163
34.436  1.163
34.483  1.163
34.531  1.160
34.579  1.159
34.626  1.154
34.674  1.154
34.722  1.157
34.769  1.159
34.817  1.158
34.865  1.158
34.913  1.150
34.960  1.165
35.008  1.168
35.056  1.168
35.103  1.176
35.151  1.162
35.199  1.162
35.246  1.196
35.294  1.198
35.342  1.193
35.390  1.203
35.437  1.206
35.485  1.200
35.533  1.199
35.580  1.200
35.628  1.197
35.676  1.199
35.723  1.199
35.771  1.198
35.819  1.199
35.866  1.190
35.914  1.184
35.962  1.184
36.010  1.215
36.057  1.240
36.105  1.213
36.153  1.215
36.200  1.225
36.248  1.223
36.296  1.222
36.343  1.250
36.391  1.283
36.439  1.283
36.486  1.282
36.534  1.279
36.582  1.308
36.630  1.316
36.677  1.315
36.725  1.298
36.773  1.317
36.820  1.324
36.868  1.337
36.916  1.342
36.963  1.350
37.011  1.350
37.059  1.338
37.107  1.324
37.154  1.321
37.202  1.316
37.250  1.316
37.297  1.329
37.345  1.326
37.393  1.328
37.440  1.328
37.488  1.328
37.536  1.330
37.583  1.331
37.631  1.341
37.679  1.340
37.727  1.338
37.774  1.338
37.822  1.338
37.870  1.330
37.917  1.323
37.965  1.322
38.013  1.320
38.060  1.323
38.108  1.331
38.156  1.329
38.203  1.333
38.251  1.331
38.299  1.321
38.347  1.321
38.394  1.290
38.442  1.292
38.490  1.288
38.537  1.291
38.585  1.294
38.633  1.282
38.680  1.281
38.728  1.279
38.776  1.297
38.824  1.289
38.871  1.293
38.919  1.296
38.967  1.285
39.014  1.281
39.062  1.281
39.110  1.282
39.157  1.279
39.205  1.268
39.253  1.273
39.300  1.285
39.348  1.286
39.396  1.287
39.444  1.277
39.491  1.281
39.539  1.285
39.587  1.282
39.634  1.279
39.682  1.278
39.730  1.280
39.777  1.266
39.825  1.250
39.873  1.232
39.921  1.240
39.968  1.217
40.016  1.219
40.064  1.222
40.111  1.219
40.159  1.213
40.207  1.212
40.254  1.212
40.302  1.200
40.350  1.200
40.397  1.203
40.445  1.202
40.493  1.203
40.541  1.203
40.588  1.203
40.636  1.200
40.684  1.200
40.731  1.201
40.779  1.199
40.827  1.200
40.874  1.200
40.922  1.204
40.970  1.195
41.017  1.189
41.065  1.189
41.113  1.190
41.161  1.194
41.208  1.195
41.256  1.188
41.304  1.186
41.351  1.185
41.399  1.182
41.447  1.177
41.494  1.182
41.542  1.190
41.590  1.191
41.638  1.194
41.685  1.195
41.733  1.195
41.781  1.197
41.828  1.200
41.876  1.194
41.924  1.195
41.971  1.193
42.019  1.173
42.067  1.176
42.114  1.180
42.162  1.179
42.210  1.184
42.258  1.192
42.305  1.192
42.353  1.185
42.401  1.183
42.448  1.183
42.496  1.181
42.544  1.172
42.591  1.171
42.639  1.167
42.687  1.175
42.734  1.138
42.782  1.145
42.830  1.145
42.878  1.148
42.925  1.146
42.973  1.145
43.021  1.145
43.068  1.142
43.116  1.142
43.164  1.135
43.211  1.133
43.259  1.129
43.307  1.127
43.355  1.128
43.402  1.124
43.450  1.121
43.498  1.121
43.545  1.125
43.593  1.123
43.641  1.168
43.688  1.150
43.736  1.173
43.784  1.164
43.831  1.163
43.879  1.155
43.927  1.177
43.975  1.170
44.022  1.171
44.070  1.172
44.118  1.166
44.165  1.165
44.213  1.166
44.261  1.162
44.308  1.162
44.356  1.168
44.404  1.166
44.452  1.172
44.499  1.187
44.547  1.189
44.595  1.181
44.642  1.181
44.690  1.182
44.738  1.181
44.785  1.163
44.833  1.162
44.881  1.155
44.928  1.156
44.976  1.113
45.024  1.112
45.072  1.110
45.119  1.103
45.167  1.093
45.215  1.092
45.262  1.091
45.310  1.087
45.358  1.100
45.405  1.128
45.453  1.130
45.501  1.130
45.548  1.129
45.596  1.130
45.644  1.128
45.692  1.126
45.739  1.125
45.787  1.126
45.835  1.152
45.882  1.152
45.930  1.158
45.978  1.169
46.025  1.169
46.073  1.166
46.121  1.164
46.169  1.163
46.216  1.169
46.264  1.170
46.312  1.170
46.359  1.178
46.407  1.167
46.455  1.161
46.502  1.161
46.550  1.164
46.598  1.164
46.645  1.160
46.693  1.162
46.741  1.161
46.789  1.161
46.836  1.161
46.884  1.163
46.932  1.165
46.979  1.168
47.027  1.159
47.075  1.184
47.122  1.189
47.170  1.197
47.218  1.195
47.266  1.194
47.313  1.195
47.361  1.193
47.409  1.219
47.456  1.228
47.504  1.228
47.552  1.244
47.599  1.253
47.647  1.242
47.695  1.243
47.742  1.243
47.790  1.243
47.838  1.239
47.886  1.237
47.933  1.232
47.981  1.272
48.029  1.272
48.076  1.267
48.124  1.301
48.172  1.314
48.219  1.314
48.267  1.305
48.315  1.288
48.362  1.274
48.410  1.253
48.458  1.253
48.506  1.270
48.553  1.263
48.601  1.276
48.649  1.281
48.696  1.294
48.744  1.276
48.792  1.274
48.839  1.295
48.887  1.296
48.935  1.311
48.983  1.311
49.030  1.314
49.078  1.285
49.126  1.289
49.173  1.290
49.221  1.290
49.269  1.333
49.316  1.468
49.364  1.450
49.412  1.417
49.459  1.423
49.507  1.423
49.555  1.409
49.603  1.446
49.650  1.443
49.698  1.442
49.746  1.439
49.793  1.449
49.841  1.498
49.889  1.500
49.936  1.499
49.984  1.497
50.032  1.497
50.079  1.501
50.127  1.499
50.175  1.499
50.223  1.473
50.270  1.473
50.318  1.472
50.366  1.462
50.413  1.451
50.461  1.465
50.509  1.465
50.556  1.465
50.604  1.461
50.652  1.461
50.700  1.461
50.747  1.435
50.795  1.439
50.843  1.441
50.890  1.443
50.938  1.446
50.986  1.445
51.033  1.433
51.081  1.448
51.129  1.450
51.176  1.444
51.224  1.452
51.272  1.497
51.320  1.498
51.367  1.499
51.415  1.496
51.463  1.502
51.510  1.504
51.558  1.506
51.606  1.506
51.653  1.507
51.701  1.508
51.749  1.508
51.797  1.498
51.844  1.497
51.892  1.493
51.940  1.503
51.987  1.511
52.035  1.511
52.083  1.512
52.130  1.511
52.178  1.498
52.226  1.479
52.273  1.479
52.321  1.473
52.369  1.460
52.417  1.436
52.464  1.437
52.512  1.441
52.560  1.433
52.607  1.432
52.655  1.425
52.703  1.432
52.750  1.432
52.798  1.433
52.846  1.433
52.893  1.434
52.941  1.433
52.989  1.441
53.037  1.444
53.084  1.442
53.132  1.441
53.180  1.443
53.227  1.444
53.275  1.440
53.323  1.446
53.370  1.445
53.418  1.445
53.466  1.441
53.514  1.432
53.561  1.435
53.609  1.436
53.657  1.442
53.704  1.552
53.752  1.567
53.800  1.582
53.847  1.586
53.895  1.573
53.943  1.568
53.990  1.586
54.038  1.588
54.086  1.587
54.134  1.578
54.181  1.579
54.229  1.583
54.277  1.583
54.324  1.589
54.372  1.589
54.420  1.586
54.467  1.586
54.515  1.582
54.563  1.580
54.610  1.579
54.658  1.578
54.706  1.578
54.754  1.577
54.801  1.575
54.849  1.574
54.897  1.574
54.944  1.565
54.992  1.571
55.040  1.571
55.087  1.594
55.135  1.594
55.183  1.594
55.231  1.596
55.278  1.592
55.326  1.592
55.374  1.593
55.421  1.583
55.469  1.583
55.517  1.582
55.564  1.581
55.612  1.581
55.660  1.580
55.707  1.567
55.755  1.566
55.803  1.564
55.851  1.568
55.898  1.562
55.946  1.560
55.994  1.560
56.041  1.558
56.089  1.554
56.137  1.554
56.184  1.552
56.232  1.400
56.280  1.357
56.328  1.321
56.375  1.321
56.423  1.302
56.471  1.307
56.518  1.307
56.566  1.307
56.614  1.288
56.661  1.288
56.709  1.282
56.757  1.301
56.804  1.302
56.852  1.300
56.900  1.307
56.948  1.314
56.995  1.311
57.043  1.303
57.091  1.313
57.138  1.313
57.186  1.308
57.234  1.309
57.281  1.280
57.329  1.279
57.377  1.280
57.424  1.280
57.472  1.281
57.520  1.280
57.568  1.284
57.615  1.284
57.663  1.284
57.711  1.283
57.758  1.280
57.806  1.277
57.854  1.273
57.901  1.272
57.949  1.271
57.997  1.264
58.045  1.258
58.092  1.257
58.140  1.260
58.188  1.276
58.235  1.274
58.283  1.350
58.331  1.369
58.378  1.368
58.426  1.367
58.474  1.347
58.521  1.355
58.569  1.357
58.617  1.357
58.665  1.347
58.712  1.349
58.760  1.350
58.808  1.344
58.855  1.344
58.903  1.345
58.951  1.333
58.998  1.312
59.046  1.312
59.094  1.330
59.141  1.330
59.189  1.289
59.237  1.295
59.285  1.290
59.332  1.292
59.380  1.279
59.428  1.260
59.475  1.269
59.523  1.274
59.571  1.275
59.618  1.283
59.666  1.279
59.714  1.277
59.762  1.277
59.809  1.276
59.857  1.269
59.905  1.269
59.952  1.257
60.000  1.244
