    1.55     5.20  This data is daily from Jan 1, 2012 to Dec 31 2016
    0.02    -0.09  The first column is the return for the S&P 500
    0.29     2.09  The second column is the return for JPM 
   -0.25    -0.90
    0.23    -0.17
    0.89     2.12
    0.03     1.69
    0.23     0.52
   -0.49    -2.52
    0.36    -2.81
    1.11     4.67
    0.49     1.07
    0.07     1.16
    0.05     0.80
   -0.10     0.00
    0.87    -0.16
   -0.57    -0.29
   -0.16    -0.75
   -0.25    -0.54
   -0.05     0.78
    0.89     0.80
    0.11    -0.13
    1.46     1.94
   -0.04    -0.37
    0.20    -0.71
    0.22     1.14
    0.15    -1.15
   -0.69    -0.66
    0.68     1.83
   -0.09    -0.99
   -0.54    -1.37
    1.10     1.60
    0.23     1.24
    0.07    -0.03
   -0.33    -1.01
    0.43     1.10
    0.17    -0.55
    0.14     2.04
    0.34     0.38
   -0.47     0.08
    0.62     2.88
   -0.32     0.64
   -0.39    -0.57
   -1.54    -2.67
    0.69     1.60
    0.98     1.23
    0.36     1.46
    0.02    -1.19
    1.81     7.03
   -0.12     0.44
    0.60     2.57
    0.11    -0.29
    0.40     0.96
   -0.30     0.84
   -0.19    -0.57
   -0.72    -1.04
    0.31     1.14
    1.39     2.24
   -0.28    -0.61
   -0.49     0.83
   -0.16    -1.30
    0.37     0.68
    0.75     0.33
   -0.40    -1.54
   -1.02    -2.22
   -0.06    -0.16
   -1.14    -1.01
   -1.71    -2.12
    0.74     2.44
    1.38     1.89
   -1.25    -3.64
   -0.05     0.28
    1.55     1.32
   -0.41    -1.39
   -0.59    -0.16
    0.12    -1.16
   -0.84     0.30
    0.37     1.00
    1.36    -0.28
    0.67     1.48
    0.24    -1.05
   -0.39    -0.83
    0.57     1.88
   -0.25    -1.35
   -0.77    -0.44
   -1.61    -2.93
    0.04     0.07
   -0.43    -0.96
   -0.67    -1.79
    0.25     0.25
   -0.34    -9.28
   -1.11    -3.17
   -0.57     1.26
   -0.44    -2.15
   -1.51    -4.31
   -0.74    -1.30
    1.60    -2.93
    0.05     4.61
    0.17     0.74
    0.14    -0.85
   -0.22    -1.38
    1.11     0.39
   -1.43    -1.99
   -0.23     0.58
   -2.46    -3.68
    0.01    -2.91
    0.57     3.19
    2.30     3.38
   -0.01    -0.79
    0.81     2.65
   -1.26    -2.55
    1.17     2.89
   -0.70     1.57
    1.08     1.02
    1.03     1.10
    0.14    -1.17
    0.98     2.20
   -0.17     3.02
   -2.23    -2.58
    0.72     1.35
   -1.60    -1.86
    0.48     1.10
    0.90     3.00
   -0.21    -2.45
    2.49    -0.42
    0.25     1.54
    0.62    -1.10
   -0.47    -4.18
   -0.94    -1.40
   -0.16     0.18
   -0.81     0.85
    0.00     0.99
   -0.50    -1.59
    1.65     5.96
   -0.23    -2.72
    0.74    -0.28
    0.67    -0.09
    0.27    -1.43
   -1.01    -1.63
   -0.89     1.59
   -0.90     0.84
   -0.03     1.27
    1.65     1.82
    1.91     3.02
   -0.05    -2.03
   -0.43    -0.39
   -0.30     0.00
   -0.74    -2.31
    1.90     2.62
    0.23     0.58
    0.51     1.96
    0.06     0.41
    0.04    -0.65
    0.22     0.14
   -0.13     0.05
   -0.01     0.30
    0.11    -0.08
    0.71     0.08
    0.19    -0.32
    0.00     1.05
   -0.35     1.79
    0.02    -0.55
   -0.81    -1.59
    0.65    -0.16
   -0.05     0.16
   -0.08    -0.27
    0.08     0.46
   -0.78    -1.07
    0.51     0.65
   -0.12    -0.35
   -0.11     0.27
    2.04     4.26
    0.40     1.58
   -0.61    -1.37
    0.31     2.17
    0.21     0.81
    1.63     3.71
    0.40     0.41
   -0.31    -0.91
   -0.13     0.17
    0.12     0.19
   -0.05    -0.22
   -0.01    -0.90
   -0.22     0.86
   -1.05    -1.65
   -0.57    -0.76
    0.96     1.09
   -0.45    -0.49
    0.27     1.21
    0.09    -0.12
    0.36    -0.15
    0.72     2.35
   -0.03    -0.26
   -0.35    -0.12
   -0.99    -0.67
   -0.62     0.94
    0.02     0.79
   -0.30    -1.14
    0.81     1.83
    1.03     1.06
    0.41     1.14
   -0.24    -0.72
   -1.66    -1.60
    0.04    -0.54
   -1.44    -1.81
   -0.31     0.92
    0.30    -0.10
   -0.07    -1.22
    0.02     1.26
    1.09     2.78
   -0.94    -0.98
    0.22    -0.35
    0.79     1.44
   -2.37    -5.60
   -1.22    -0.20
    0.17     0.54
    0.01    -0.10
   -0.40    -1.33
   -1.39    -1.87
   -0.16     0.25
    0.48     0.36
    1.99     2.68
    0.07     0.27
    0.23     0.07
    1.30     0.88
   -0.20    -0.51
   -0.52    -0.32
    0.79     0.20
    0.43     0.96
    0.02    -0.34
   -0.47    -0.66
   -0.17    -0.59
    0.16     1.55
    0.33     0.66
    0.29     2.63
    0.03    -0.59
    0.65     0.78
    0.04     0.30
   -0.63     0.02
   -0.41     0.07
    1.19     1.57
    1.15     0.90
   -0.76    -0.78
    0.55     2.30
   -0.94    -1.19
   -0.24    -0.18
   -0.48     0.09
   -0.12    -0.75
   -1.10    -0.89
    1.69     1.69
    2.54     1.57
   -0.21    -0.20
    0.49     1.77
   -0.31     0.11
   -0.32     0.20
    0.27    -0.07
    0.76     1.50
    0.00    -0.02
   -0.09    -0.56
    0.11     1.02
    0.02     1.01
    0.56    -0.81
    0.34     0.04
    0.44     0.17
    0.15    -0.67
    0.00     0.30
    0.54     1.70
   -0.18    -1.10
    0.51     1.03
   -0.39     0.02
   -0.26    -0.17
    1.01     1.70
   -1.15    -0.36
    1.04     2.33
    0.05    -0.37
   -0.18    -0.78
    0.57     0.83
   -0.06     0.06
    0.16     0.99
    0.06    -0.94
    0.07     1.11
   -0.10    -0.69
    0.73     1.17
   -1.24    -1.70
   -0.63    -0.74
    0.88     1.37
   -1.83    -2.47
    0.61    -0.21
    1.27     3.53
   -0.09    -0.73
    0.23    -0.02
    0.46     0.39
    0.96     0.79
    0.11     1.09
    0.18     1.20
    0.45    -0.85
    0.32     0.56
   -0.24    -0.40
    0.13    -0.24
    0.56     1.67
   -0.16    -1.92
   -0.55    -1.02
   -0.24    -0.63
    0.67    -0.16
   -0.83    -1.57
    0.72     0.89
   -0.33    -0.53
    0.78     0.25
   -0.06    -1.79
    0.41    -0.65
   -0.45     0.78
    0.52     0.94
   -1.05    -2.96
    0.40     1.37
   -0.43     0.88
    0.63     1.40
    0.35     0.21
    1.22     1.17
    0.36     0.12
   -0.28    -0.61
   -2.30    -2.20
    1.43     1.17
   -1.43    -3.51
   -0.67    -0.32
    0.88     1.27
    0.47     0.25
    1.04     1.73
    0.00     1.14
    0.40     0.57
   -0.18    -0.24
    0.72     0.08
    0.25     0.18
   -0.93    -2.04
    0.94     0.15
    1.05    -1.06
    0.19     1.28
    0.52     1.99
    0.41     1.26
   -0.37    -1.45
    0.43    -0.16
    0.00     1.45
    1.01     1.13
    0.51     1.71
   -0.50    -0.23
    1.03     2.61
   -0.07    -0.02
    0.17     1.40
   -0.83     1.15
   -0.29    -0.52
   -0.06     0.58
    0.63     1.75
   -0.70     0.13
    0.37     1.74
   -1.43    -1.85
    0.59    -0.18
   -0.55    -0.83
   -1.38    -1.87
    0.85     0.89
    1.28     1.44
   -0.03     0.17
   -1.02    -1.60
   -0.84    -0.58
    1.48     1.86
   -0.59    -1.92
    0.76     1.36
    0.78     0.48
   -1.39    -1.03
   -2.50    -2.00
    0.27    -0.99
   -1.21    -2.00
    0.95     2.28
    0.96     0.81
    0.62     1.24
   -0.43    -0.68
    0.54    -0.57
   -0.05     0.59
    0.08    -0.06
    1.02     2.31
    0.53     1.32
    0.72     0.35
    0.02    -0.11
    1.36     0.57
    0.31    -0.31
    0.14    -0.15
   -0.37     0.22
    0.28     0.47
    0.50     1.99
    0.16    -0.37
    0.20     0.71
   -0.19     0.19
   -0.38    -0.07
    0.26    -0.23
    0.08    -0.80
   -0.37    -0.64
    0.04    -0.65
   -0.01     0.72
    1.25     1.45
    0.16    -0.09
   -0.15    -0.69
   -0.57    -1.09
   -0.38    -0.34
    0.39    -0.85
   -0.36    -0.57
   -0.12    -0.79
    0.28     0.37
   -0.52    -0.26
   -1.43    -1.59
   -0.33     0.00
   -0.59    -2.74
    0.38     0.56
   -0.58    -0.94
    0.86     1.12
    0.39     0.21
   -0.40    -0.99
   -1.59    -2.32
    0.27    -0.04
    0.20     0.24
   -0.32    -0.34
    0.42     1.19
    0.81     1.45
    0.12     0.46
    0.01     0.86
    1.00     0.57
    0.73     1.53
    0.31    -0.76
   -0.34    -1.92
    0.27     0.67
    0.57     1.05
    0.42    -0.09
    1.22     0.60
   -0.18    -1.24
   -0.72     0.09
   -0.47    -2.54
   -0.26    -2.22
   -0.27     2.74
    0.35     0.37
   -0.41     0.67
   -0.60    -1.05
    0.80     0.52
   -0.07     0.25
   -0.90    -0.29
    0.71     1.41
   -0.85    -1.59
   -1.23    -1.85
    0.06    -0.24
    2.18     3.49
    0.63    -0.02
    0.41     0.38
   -0.71    -0.76
    1.38     3.23
    0.67     0.39
    0.65     0.17
    0.01    -0.06
    0.57    -1.20
   -0.47    -1.62
    0.33    -0.51
    0.44     0.55
    0.13    -0.17
    0.56     0.09
   -0.49    -0.25
   -0.38    -2.02
    0.29     1.88
    0.36    -0.90
   -0.28    -0.17
    0.43     0.29
   -1.32    -0.86
    1.34     4.47
    0.07     0.26
   -0.24    -0.24
    0.81     0.31
    0.48     0.48
    0.42     0.86
   -0.37     1.59
   -0.20     0.74
   -0.36    -0.09
    0.81     2.00
    0.50     0.42
   -0.13     0.33
    0.01    -0.83
    0.25     0.54
   -0.08    -0.45
   -0.27    -0.42
   -0.32    -0.21
   -0.13     0.58
   -0.43    -2.40
    1.12     0.43
    0.18     0.80
   -0.32     0.34
   -1.13    -1.11
   -0.38     0.43
   -0.01    -0.25
    0.63     0.45
   -0.31    -1.24
    1.66     2.73
   -0.06    -0.02
    0.48     0.82
    0.53     0.94
    0.29     0.02
    0.47    -0.09
   -0.03    -0.10
   -0.02    -0.33
    0.40     0.91
   -0.89    -0.46
   -0.03     0.77
   -0.25     0.58
    0.61    -1.15
   -0.02     0.94
    0.03    -0.19
    0.23    -0.46
   -1.26    -1.35
    1.08     0.07
    0.52     3.03
   -0.13    -0.84
   -0.39    -1.49
    0.28     0.10
    0.06    -1.00
   -0.89    -1.94
   -2.09    -2.44
   -0.49     0.00
    0.61     1.18
   -1.02    -0.38
    1.13     0.85
   -0.65    -1.14
   -2.28    -1.90
    0.76     1.18
   -0.20     0.47
    1.24     2.30
    1.33     0.25
    0.16     0.21
    1.11     1.22
   -0.03     0.16
    0.58     0.89
    0.48     0.21
    0.12     0.58
   -0.65    -2.10
    0.60     0.56
   -0.19     0.05
    0.62     0.73
   -0.13    -1.72
    0.00    -0.49
    0.49    -0.11
    0.28     0.23
   -0.74    -1.07
    1.53     1.87
   -0.01     1.57
    0.17     1.27
    0.05     0.85
   -0.05    -0.34
   -0.51    -1.71
    0.03    -0.46
   -1.17    -0.86
   -0.28    -1.08
    0.96     1.37
    0.72     0.83
   -0.61     0.41
    0.60     3.10
   -0.29     0.10
   -0.49     1.50
    0.44    -0.23
   -0.70    -1.69
   -0.19     0.03
    0.46     0.20
    0.79     1.12
    0.70    -0.07
    0.29    -0.31
   -0.11     0.30
   -1.25    -1.40
   -1.08    -1.35
    0.38    -0.25
    1.09     0.71
   -2.09    -3.16
   -0.95    -3.66
    0.82    -0.61
    0.68    -0.29
    1.05     0.84
    0.14    -0.07
    0.38    -0.34
    0.41     1.42
   -0.22     0.43
    0.17     0.25
   -0.81    -0.87
    0.32    -0.38
    0.48     1.10
    0.30    -0.21
   -0.01    -0.46
   -0.13    -0.25
    0.19    -2.45
   -0.90    -1.62
    0.56     1.33
   -0.14     0.57
    0.15    -0.64
    0.97     1.18
    0.04    -0.05
   -0.47    -0.48
   -0.94    -1.56
    0.37    -0.37
    0.38     0.98
   -0.65    -0.20
    0.81     0.74
    0.24     0.79
    0.42    -0.04
    0.60     1.12
   -0.11     0.56
    0.54     0.49
    0.18    -0.27
    0.07    -0.40
   -0.04     0.45
    0.19     0.14
    0.65     1.71
    0.46     0.60
    0.09     0.79
   -0.02     0.84
   -0.35    -1.09
   -0.71    -0.40
    0.31     0.00
    0.08    -0.30
    0.22     0.97
    0.77     0.63
    0.13    -0.83
    0.17     0.44
   -0.01     1.11
   -0.64    -1.32
    0.49     0.19
   -0.12    -0.24
    0.19     0.24
   -0.04     0.16
    0.67    -0.09
    0.07    -1.04
    0.55     0.14
   -0.39    -0.67
   -0.70    -1.61
    0.46     0.47
   -0.41    -0.82
    0.15     0.43
    0.48     0.88
   -0.19     3.52
    0.42     0.76
   -1.18    -1.45
    1.03     0.64
   -0.23     0.02
    0.50     0.74
    0.18     0.56
    0.05     0.29
   -0.48    -0.27
    0.03     0.31
   -0.45    -0.93
    0.01     0.46
   -2.00    -2.10
   -0.29    -2.06
    0.72     0.30
   -0.97    -1.04
    0.00     0.30
   -0.56    -0.57
    1.15     0.77
    0.28    -0.04
   -0.16     0.05
    0.67     0.66
    0.43     0.46
   -0.01    -0.40
    0.85     0.85
    0.50     0.58
    0.25     0.14
    0.29     1.49
   -0.20    -0.02
    0.48     1.45
    0.11     0.67
    0.00    -0.25
   -0.17    -0.72
    0.33     0.49
   -0.05     0.37
   -0.08     0.05
   -0.15     0.02
    0.50     0.33
   -0.31    -0.03
   -0.65    -1.39
    0.36     0.27
    0.09     0.91
   -0.60     0.45
   -0.07    -0.15
    0.75     0.08
    0.13     0.53
    0.49     1.67
   -0.05    -0.34
   -0.80    -0.33
   -0.58     0.05
    0.78     1.13
   -1.62    -2.40
    0.86     0.68
   -0.25    -0.38
   -0.28    -0.15
   -1.32    -0.78
    0.00    -1.56
    1.12     2.48
   -0.16    -0.20
   -1.51    -1.51
    1.75     1.91
   -2.07    -2.19
   -1.15    -0.95
   -1.65    -0.62
    0.16    -0.29
   -0.81    -4.24
    0.01    -0.81
    1.29     2.03
    0.91     0.77
    1.96     2.30
   -0.73    -0.83
    1.23     1.06
    0.71     1.17
   -0.15    -0.17
    1.19     1.69
   -0.14    -0.57
    0.62     0.17
    1.17     1.84
   -0.01     0.66
   -0.28    -1.03
    0.57     1.49
    0.38     0.13
    0.03     0.39
    0.31     0.75
    0.07    -0.90
   -0.07    -1.32
    0.05    -0.54
    0.02     0.08
    0.07     0.17
    0.51     0.25
   -0.15     0.12
    0.20    -0.79
    0.52     0.55
    0.29     0.84
   -0.12    -1.08
    0.28     0.07
   -0.25    -0.30
   -0.68    -0.27
    0.64     1.80
    0.38     0.75
   -0.12    -0.26
    0.17     2.15
   -0.73    -0.05
   -0.02    -0.35
   -1.64    -2.83
    0.45     0.76
   -1.62    -1.80
   -0.63    -1.47
   -0.85    -1.23
    2.04     2.29
    2.40     2.86
    0.46     0.73
    0.38     0.02
    0.17     0.87
   -0.01     0.00
    0.33     0.11
    0.09     0.66
   -0.49     0.30
   -1.03    -0.90
   -0.03    -0.14
   -1.83    -3.10
   -0.89    -2.59
    1.16     0.15
    1.79     2.23
   -0.84    -1.74
   -0.81    -0.86
   -0.26     0.02
   -0.58    -3.45
   -0.92    -3.20
    1.34     1.71
    0.15    -0.39
    0.47     0.32
    1.53     3.04
   -0.55    -1.58
    0.26     0.16
   -1.34    -1.00
   -1.35    -2.58
    0.95     1.68
   -1.30    -2.32
    1.30     2.00
    1.44     2.25
   -0.42    -0.60
    1.03     0.69
   -0.34     1.97
   -0.42    -0.12
    1.07     1.11
    0.00    -0.15
    0.96     2.06
    0.41     0.17
    0.16     0.72
   -0.03    -1.21
   -0.11    -0.24
    0.61     0.96
   -0.03    -0.75
    0.28     2.48
   -0.08     0.53
   -0.15     0.72
   -0.30    -0.49
    0.61     0.80
   -0.45     0.32
   -0.44     0.26
    0.12    -0.21
   -1.42    -1.79
    0.39     1.00
   -1.70    -2.50
   -0.19     0.47
    1.26     1.88
   -0.61    -0.60
    1.35     1.39
   -0.33    -0.39
    1.22     0.23
   -0.49    -0.89
    0.90     0.90
   -0.17    -0.99
   -0.61    -1.11
   -1.46    -1.41
   -0.24    -0.12
    0.24     0.02
    1.22     2.37
   -0.88    -0.62
   -0.40    -1.04
    0.35     0.95
    0.66    -0.08
   -0.21     0.63
    0.27     0.33
    0.45     0.69
    0.52     0.37
   -0.46     0.60
    0.16     1.56
    0.51     1.86
   -0.08    -0.62
   -1.13    -1.52
    0.92     0.64
   -0.15    -1.47
    0.51     1.01
    0.24    -0.22
    0.23    -0.32
   -0.41    -0.42
    0.28     0.67
   -0.37     1.34
   -1.01    -0.53
    1.09     0.55
    0.29     1.75
   -1.18    -0.49
   -0.45    -0.75
    0.38     0.91
    1.35     1.53
   -0.51    -0.06
   -0.29    -0.14
   -0.03     0.24
    1.08     0.81
    0.08    -0.26
    0.30     0.82
   -0.06     0.89
   -0.09    -0.79
    0.23     0.26
   -0.22    -0.27
   -1.03    -1.11
    0.92     1.13
   -0.13    -0.41
   -0.63    -0.63
    0.21     0.46
   -0.10    -0.09
    0.21     1.03
   -0.86    -0.55
   -0.14     1.64
   -0.65    -0.79
    0.04     0.43
    1.20     1.61
    0.17     0.38
   -0.70    -0.39
   -0.46    -0.38
    0.57     0.56
    0.20    -0.34
    0.99     0.94
   -0.53    -1.02
    0.61     1.29
    0.06     1.15
   -0.74    -1.05
   -0.30    -0.54
   -0.04     0.44
   -2.09    -2.54
    0.27     0.83
    0.69     0.46
   -0.03    -0.81
   -0.39    -0.28
    0.61    -0.79
   -1.67    -2.05
    0.23     1.04
    1.23     1.42
    1.11     1.55
    0.45     1.40
   -0.07     0.22
    0.80     0.53
    0.11    -0.50
    0.08     0.07
   -0.43    -0.23
   -0.24     1.42
   -0.57    -0.63
   -1.07    -1.05
   -0.58    -1.31
    1.24     0.06
    0.73     1.31
    0.00     0.15
   -0.23    -0.74
   -0.28     0.00
   -0.22    -0.10
    0.31     0.39
   -0.78    -0.70
   -0.29    -0.29
    1.28     1.23
   -0.96    -0.96
    0.10    -1.45
   -0.13     0.46
    0.39     0.50
    0.52     0.27
   -0.26     0.21
   -0.83    -0.89
   -2.11    -2.46
   -3.19    -3.55
   -3.94    -5.27
   -1.35    -0.56
    3.90     5.01
    2.43     2.50
    0.06    -0.54
   -0.84    -0.05
   -2.96    -4.13
    1.83     1.82
    0.12     0.18
   -1.53    -1.88
    2.51     2.70
   -1.39    -1.55
    0.53     0.77
    0.45    -0.16
   -0.41    -0.29
    1.28     1.92
    0.87     0.88
   -0.26    -2.32
   -1.62    -2.73
    0.46     0.84
   -1.23    -0.88
   -0.20    -0.44
   -0.34    -0.69
   -0.05     2.08
   -2.57    -2.42
    0.12    -0.23
    1.91     1.89
    0.20     0.74
    1.43    -0.99
    1.83     1.99
   -0.36     0.05
    0.80     0.13
    0.88     0.00
    0.07    -0.32
    0.13    -0.34
   -0.68    -0.28
   -0.47    -2.53
    1.49     3.17
    0.46     0.87
    0.03    -0.34
   -0.14     0.48
   -0.58    -0.74
    1.66     1.82
    1.10     1.08
   -0.19     0.05
   -0.26    -0.41
    1.18     2.92
   -0.04    -0.44
   -0.48    -1.47
    1.19     2.01
    0.27     0.37
   -0.35     0.11
   -0.11     0.90
   -0.03     3.04
   -0.98    -1.56
    0.15     0.43
   -0.32    -0.49
   -1.40    -2.00
   -1.12    -0.67
    1.49     1.45
   -0.13    -0.57
    1.62     2.00
   -0.11     0.31
    0.38    -0.18
   -0.12    -0.98
    0.12    -0.15
   -0.01     0.12
    0.06     0.46
   -0.46    -0.73
    1.07     1.39
   -1.10    -1.41
   -1.44    -1.29
    2.05     3.18
   -0.70    -1.31
   -0.65    -1.55
   -0.77    -0.76
    0.23     0.23
   -1.94    -2.35
    0.48     0.31
    1.06     2.85
    1.45     2.16
   -1.50    -1.85
   -1.78    -2.84
    0.78     1.77
    0.88     0.21
    1.24     1.60
   -0.16    -0.19
   -0.22    -0.33
    1.06     1.04
   -0.72    -0.72
   -0.94    -0.84
   -1.53    -3.65
    0.20     0.17
   -1.31    -1.44
   -2.37    -4.04
   -1.08    -2.24
    0.09    -0.15
    0.78     0.22
   -2.50    -2.75
    1.67     1.50
   -2.16    -1.99
    0.05    -0.05
   -1.17    -2.63
    0.52    -0.47
    2.03     3.08
   -1.56    -2.27
    1.41     2.55
   -1.09    -0.07
    0.55     0.42
    2.48     3.88
   -0.04    -1.08
   -1.87    -3.11
    0.50     0.67
    0.15     1.72
   -1.85    -1.11
   -1.42    -2.10
   -0.07    -0.60
   -0.02    -1.21
   -1.23    -4.41
    1.95     8.33
    1.65     1.50
    1.65     0.72
   -0.47    -1.63
    0.00     0.02
    1.45     1.30
   -1.25    -4.18
    0.44     0.04
    1.13     1.55
   -0.19     0.93
   -0.81    -2.16
    2.39     5.15
    0.41     0.95
    0.35     0.33
    0.33     0.15
    0.09    -0.18
   -1.12    -1.94
    0.51     0.58
    0.02    -0.86
    1.64     1.25
   -0.13    -0.37
   -0.18     0.14
    0.56    -0.47
    0.66    -0.29
    0.44     2.94
    0.10    -0.03
   -0.09    -0.36
   -0.64    -0.50
   -0.04    -0.77
    0.05    -0.13
    0.88    -0.62
    0.44     1.15
   -0.20    -0.82
    0.63     1.10
   -0.32    -1.12
   -1.01    -1.42
    1.05     0.77
   -1.20    -2.53
    0.28     0.73
   -0.27     0.80
    0.97     1.86
    1.00     4.23
    0.02     1.29
   -0.10    -1.15
    0.65     0.65
    0.31     1.69
    0.08     1.45
   -0.52    -1.00
    0.00     0.58
   -0.18    -0.58
    0.19     0.52
    0.16     0.28
   -0.92    -0.80
   -0.51    -0.63
    0.78     0.93
   -0.87    -1.93
   -0.59    -1.58
   -0.02    -0.54
    0.32     0.59
    0.08    -0.63
    1.25     1.36
   -0.96    -0.37
   -0.02    -0.06
   -0.85    -0.92
    0.98     0.75
   -0.94     0.00
    0.02     3.86
   -0.37    -1.01
    0.60     0.19
   -0.21    -0.08
    1.37     1.70
    0.70     1.52
   -0.02    -0.75
    0.43     0.62
   -0.10    -0.24
    0.11     0.64
    0.28     0.18
   -0.29    -1.78
    0.49     0.99
    0.13    -0.34
    0.33     0.29
   -0.17    -0.77
   -0.92    -1.41
   -0.81    -0.89
   -0.18    -1.88
   -0.18    -0.18
    0.31     0.40
   -0.33     0.10
    0.58     0.14
    0.27     0.93
   -0.17    -0.38
    1.34     2.14
   -3.59    -6.95
   -1.81    -3.34
    1.78     3.32
    1.70     2.82
    1.36     1.54
    0.19    -1.42
   -0.68    -2.79
    0.54     1.07
   -0.09     0.65
    1.53     2.06
    0.34     0.71
    0.70     1.49
    0.01    -0.06
    0.53     1.52
   -0.09     0.09
    0.24    -0.34
   -0.14    -0.16
    0.43     0.11
   -0.36    -0.38
    0.46     0.55
   -0.30    -0.27
    0.03     0.41
   -0.12     0.31
    0.16    -0.36
    0.16    -0.20
   -0.13    -0.27
   -0.64    -0.24
    0.31     1.59
    0.02    -0.15
    0.86     2.70
   -0.09    -0.30
    0.04    -0.35
   -0.29    -0.90
    0.47     0.28
   -0.08    -0.21
    0.28     0.61
   -0.55    -0.02
    0.19     0.27
    0.22     0.09
   -0.14    -0.14
   -0.06    -0.09
    0.20    -0.05
   -0.52     0.27
   -0.14     0.18
   -0.16     0.23
    0.52     1.10
   -0.20     0.82
   -0.24     0.00
    0.00    -0.43
    0.42     0.42
    0.30    -0.07
   -0.01    -0.42
   -0.22     0.13
   -2.45    -0.89
    1.47     0.62
   -1.48    -0.79
   -0.06    -0.20
    1.01     0.36
   -0.38    -1.23
    0.00     0.56
    0.03     0.41
    1.09     0.57
    0.65     0.82
   -0.57    -0.21
   -0.86    -2.19
    0.64     0.88
    0.53     0.53
   -0.93    -1.59
    0.80     1.43
   -0.33    -0.12
   -0.50     0.14
    0.43     1.64
    0.05     0.27
   -0.33     0.35
    0.46     0.78
   -1.24    -0.48
    0.11    -0.26
   -0.31    -0.57
    0.02    -0.32
   -0.30    -0.52
    0.62     0.79
    0.22     0.96
   -0.14    -0.13
   -0.01     0.34
    0.47     0.55
   -0.38    -0.10
   -0.17     0.48
   -0.30     0.14
   -0.31    -0.17
   -0.01     0.22
   -0.68    -0.42
   -0.65    -0.42
   -0.44    -0.44
   -0.17    -0.91
    2.22     3.13
    0.38     0.21
    1.11     4.60
    0.20     4.64
   -0.14     0.05
   -0.01     3.68
    0.75    -0.19
   -0.16    -2.47
    0.47     0.80
   -0.24    -0.40
    0.75     0.44
    0.22     0.61
    0.08     0.42
    0.39    -0.04
   -0.53    -0.65
    0.13     0.77
   -0.27     1.58
   -0.35     2.02
    0.04    -0.23
    0.58     2.03
    0.34     0.52
    1.32     0.45
    0.22     1.25
    0.59     0.43
   -0.11    -0.89
    0.65     0.04
   -0.81    -0.04
    0.39     1.50
   -0.18    -1.23
    0.20     0.58
    0.36     1.29
   -0.25     0.25
   -0.19     0.16
    0.13     0.18
    0.22     0.09
   -0.84    -0.72
   -0.03    -0.71
   -0.46     0.47
